0.9894999778829515
0.9504999787546694
0.6329999858513474
0.7149999840185046
0.7269999837502837
0.5894999868236482
0.6164999862201512
0.3814999914728105
0.2954999933950603
0.2924999934621155
0.2229999950155616
0.23799999468028546
0.13649999694898723
0.21749999513849616
0.15749999647960067
0.1134999974630773
0.13599999696016313
0.20699999537318944
0.11099999751895666
0.13599999696016313
0.08199999816715717
0.19499999564141035
0.2319999948143959
0.15899999644607304
0.23449999475851654
0.13949999688193201
0.197499995585531
0.23149999482557176
0.1599999964237213
0.1719999961555004
0.32199999280273917
0.4824999892152846
0.7569999830797315
0.6694999850355089
0.7259999837726354
0.9044999797828496
1.3394999700598418
1.3029999708756805
1.0949999755248427
1.1084999752230942
1.4259999681264162
0.9804999780841172
1.0984999754466116
1.1009999753907322
1.0739999759942294
1.1669999739155172
1.3054999708198012
1.3779999691993
1.4894999667070805
1.5774999647401273
1.1984999732114374
0.8749999804422259
0.9404999789781868
1.1329999746754766
0.6979999843984842
1.6324999635107815
1.7679999604821206
1.266499971691519
1.9234999570064246
1.9319999568164348
1.8609999584034085
1.754499960783869
1.2559999719262123
1.1439999744296074
1.1179999750107528
1.0199999772012234
1.1799999736249447
0.7129999840632081
0.9314999791793526
0.8504999809898436
0.8709999805316329
0.6639999851584435
0.7644999829120934
0.8669999806210399
1.3224999704398215
1.1814999735914171
1.6784999624826014
1.1784999736584723
1.5269999658688902
1.8544999585486948
2.036999954469502
1.6409999633207917
1.8909999577328562
2.021499954815954
1.3689999694004655
1.8299999590963125
1.707499961834401
1.9374999566935003
2.161999951675534
2.4329999456182123
2.0654999538324774
2.3019999485462903
3.162999929301441
2.6429999409243465
2.299999948590994
4.835499891918152
3.062999931536615
2.6274999412707984
2.5579999428242446
2.611499941628426
3.4489999229088424
3.063499931525439
2.3484999475069346
3.121499930229038
3.5424999208189547
3.0339999321848152
3.264999927021563
3.5499999206513166
4.071999908983708
3.6544999183155595
3.4794999222271144
3.294999926351011
3.5304999210871757
3.3744999245740472
2.79599993750453
4.054499909374863
4.677499895449728
3.620999919064343
4.384999901987612
3.7509999161586167
3.2944999263621866
3.735999916493893
4.873499891068787
3.304499926138669
6.463499855529517
5.136499885190278
5.497999877110123
4.909999890252948
5.575499875377863
5.089999886229634
5.2779998820275065
5.591499875020236
6.187999861687421
6.185499861743301
6.3334998584352435
7.656499828863889
8.47399981059134
7.9484998223371806
7.841999824717641
11.690999738685786
7.709499827679247
9.248499793279915
7.2619998376816515
8.254499815497548
9.365499790664762
8.638999806903303
7.753999826684594
9.017499798443168
6.825999847427011
8.634499807003886
8.699499805551023
6.911999845504761
10.723499760311096
10.229499771352858
9.24299979340285
10.24549977099523
9.973499777074903
10.094999774359167
10.110499774012714
8.215999816358089
10.531999764591456
8.762499804142863
11.782999736629426
9.817499780561775
11.891999734193087
11.644999739713967
10.029499775823206
12.411499722581357
12.65049971723929
10.9224997558631
11.066999752633274
11.273999748006464
12.45899972151965
11.505999742820858
11.764499737042934
13.25599970370531
11.897499734070152
13.95699968803674
10.826999757997692
12.21449972698465
12.299999725073576
12.640499717462808
13.505999698117375
11.525499742385
12.850499712768942
11.713499738182872
11.845499735232442
11.106999751739204
12.360499723721295
13.091999707370997
9.656499784160406
10.87399975694716
12.34049972416833
14.36999967880547
13.318499702308326
14.216999682225287
13.670999694429337
11.559499741625041
14.523499675374477
11.618999740295113
12.76549971466884
14.387999678403139
12.039499730896205
14.389999678358436
11.311499747168273
14.376999678649009
13.495499698352068
15.912999644316733
15.82549964627251
15.82299964632839
14.77199966982007
15.216999659873546
16.346999634616076
15.061499663349242
15.072999663092196
14.80599966906011
14.681499671842904
15.75999964773655
15.195999660342931
16.182999638281764
16.60149962892756
16.134999639354646
15.599499651324004
14.991999664902687
15.347499656956643
13.822999691031873
14.993999664857984
15.497499653603882
15.841499645914883
17.607999606430532
16.51549963084981
16.803499624412506
18.620499583799393
17.19149961574003
17.021499619539828
18.987499575596303
17.929499599244444
18.235499592404814
17.395499611180277
18.850499578658493
15.941999643668533
19.046999574266373
17.39249961124733
16.272999636270107
17.42749961046502
18.775499580334873
15.747499648015946
15.913499644305556
15.705999648943543
16.422999632917346
16.963999620825053
18.798999579809607
19.16749957157299
19.169499571528284
19.561499562766404
18.596999584324656
20.037499552126974
18.822999579273166
19.648999560810626
18.334999590180814
18.831999579071997
19.633499561157077
17.89849959993735
20.141499549802393
21.27549952445552
19.866999555937944
19.688999559916557
19.839999556541443
19.498999564163388
17.189499615784733
16.751499625574798
18.323999590426684
18.47749958699569
18.583499584626406
19.613999561592937
18.83949957890436
18.520499586034568
20.178499548975378
19.312999568320812
17.812999601848425
17.899999599903822
20.57099954020232
18.11899959500879
18.387999588996173
20.650499538425358
18.564499585051088
19.096499573159964
20.128499550092965
23.17699948195368
21.689499515201895
21.36699952241033
20.880499533284457
20.950999531708657
22.316999501176177
21.347499522846192
21.18849952640012
23.444499475974588
22.465499497856946
23.3099994789809
22.73749949177727
21.827499512117356
21.180499526578934
22.27849950203672
22.43849949846044
21.04549952959642
20.665999538078903
19.825999556854367
21.80849951254204
20.94399953186512
18.948999576456846
19.040999574400484
18.686999582313
20.830499534402044
23.076999484188853
22.388999499566854
19.61899956148118
23.17299948204309
20.220499548036607
22.02049950780347
23.37899947743863
22.63699949402362
23.534999473951757
23.75799946896732
23.108499483484774
22.757499491330236
24.64699944909662
24.890499443653972
23.546499473694713
23.13099948298186
24.777499446179718
23.133999482914806
23.63349947175011
25.123499438446014
20.548499540705233
22.266499502304942
26.70049940319732
26.121499416138978
26.01149941859767
25.498999430052937
28.16849937038496
26.93699939791113
26.67749940371141
27.404999387450516
27.112999393977226
25.355499433260412
26.100999416597187
25.97399941943586
26.388999410159887
24.402999454550447
26.215999414026737
25.76099942419678
26.250999413244426
26.44149940898642
25.397499432321638
25.522999429516496
25.45349943106994
26.309499411936848
25.32749943388626
26.59899940546602
27.399999387562275
27.55049938419834
28.729499357845633
27.97799937464297
29.326999344490467
28.72649935791269
28.79449935639277
29.59349933853373
28.925499353464694
27.86549937715754
27.755999379605054
28.342999366484584
27.650999381951987
27.86199937723577
29.040999350883066
28.484999363310635
27.677999381348492
28.374999365769327
27.15349939307198
28.00249937409535
27.69749938091263
25.12899943832308
25.441999431326984
26.21749941399321
27.739499379973857
24.575999450683593
25.010999440960585
26.966499397251756
28.279999367892742
27.515999384969472
28.496999363042413
29.390499343071134
29.629499337729065
29.49949934063479
29.63599933758378
29.58399933874607
29.666999336890875
30.49299931842834
30.564499316830187
30.65049931490794
30.07549932776019
30.327999322116376
29.849999332800508
29.850999332778155
26.96799939721823
28.00249937409535
27.66599938161671
28.677499359007925
29.998499329481273
28.093999372050167
28.470499363634737
28.42749936459586
29.31249934481457
29.373499343451112
27.843999377638102
28.450999364070594
28.771499356906862
24.09349946146831
27.908499376196414
29.986999329738317
30.33849932188168
29.57199933901429
30.228999324329198
29.703999336063863
30.728999313153327
30.254999323748052
30.41299932021648
30.197999325022103
30.103999327123166
29.63249933766201
28.439999364316463
28.35349936624989
29.400499342847617
26.801499400939793
27.566999383829533
30.359499321412294
30.43649931969121
29.41649934248999
28.349499366339295
29.074499350134282
29.53549933983013
30.556999316997825
30.95099930819124
30.166499325726182
30.631499315332622
29.91799933128059
29.932999330945314
30.374499321077018
30.625999315455555
30.8029993114993
28.966999352537094
28.454499363992362
30.339999321848154
30.45799931921065
30.245499323960395
30.215499324630947
29.858999332599343
29.154999348334968
28.593999360874296
29.60349933831021
30.30799932256341
28.158499370608478
29.075999350100755
29.133999348804355
29.67799933664501
29.802499333862215
28.612499360460788
29.57199933901429
27.886499376688153
29.75549933491275
29.808499333728104
30.487999318540098
29.973499330040067
30.30299932267517
30.70749931363389
30.764999312348664
30.903999309241772
30.36749932123348
30.61199931576848
30.39649932058528
30.188999325223268
30.680499314237387
30.289499322976916
30.05249932827428
29.559999339282513
26.14499941561371
27.86699937712401
26.90149939870462
28.96149935266003
28.97249935241416
28.361999366059898
28.294999367557466
28.33649936662987
27.597499383147806
27.78099937904626
26.771499401610345
26.427499409299344
25.009999440982938
28.87649935455993
27.563499383907764
28.600999360717832
28.811499356012792
28.47949936343357
27.28949939003214
27.3714993881993
27.063499395083635
24.4289994539693
22.586499495152385
23.973999464139343
25.249499435629694
25.52599942944944
28.213999369367958
28.806999356113373
29.771999334543942
30.18949932521209
30.11949932677671
29.775499334465714
28.28549936776981
27.235499391239138
28.621499360259623
26.813999400660396
26.93899939786643
28.627499360125512
29.11649934919551
29.99799932949245
28.898999354057015
30.36849932121113
29.304999344982207
27.31099938955158
26.712499402929097
27.917999375984074
29.281999345496295
28.583999361097813
29.47749934112653
29.59599933847785
29.73749933531508
30.427499319892377
30.03949932856485
30.897999309375884
30.357999321445824
30.79349931171164
30.831499310862274
31.07099930550903
30.998999307118357
27.330499389115722
30.847499310504645
30.295499322842808
29.704499336052685
29.590999338589608
29.353999343886972
30.427999319881202
29.646499337349088
29.970499330107124
30.143999326229096
30.179499325435607
30.31999932229519
29.276999345608054
28.704999358393252
29.695499336253853
30.298999322764576
29.209499347116797
29.54749933956191
30.29099932294339
29.64949933728203
29.508499340433627
29.212499347049743
28.91899935360998
29.873999332264066
28.68449935885146
29.84699933286756
30.320499322284014
29.733499335404485
30.318499322328716
30.58899931628257
30.769999312236905
30.52599931769073
30.374499321077018
30.93899930845946
30.76449931235984
30.500999318249523
29.777999334409834
30.40849932031706
30.551999317109583
30.742999312840404
30.6994993138127
30.78249931195751
31.067999305576087
30.786999311856924
30.753499312605708
30.872999309934677
30.91099930908531
29.823499333392828
29.692499336320907
29.780499334353955
30.053499328251927
30.200999324955045
29.732999335415663
30.16249932581559
29.488999340869487
30.037499328609556
29.372499343473464
29.994999329559505
30.10349932713434
30.15699932593852
30.30549932261929
29.654999337159097
29.829499333258717
30.04149932852015
30.595499316137285
29.628499337751418
29.81149933366105
30.18599932529032
29.786499334219844
29.969499330129473
29.55849933931604
29.24599934630096
29.839999333024025
29.42899934221059
29.184999347664416
29.537499339785427
26.78049940140918
28.94799935296178
28.38249936560169
27.877999376878144
27.028499395865946
27.063499395083635
29.063999350368977
28.179999370127916
26.095999416708946
28.288999367691577
29.46999934129417
28.12849937127903
29.694999336265028
30.00999932922423
30.147499326150864
28.549499361868946
29.9824993298389
30.37549932105467
31.04299930613488
30.789499311801045
30.4134993202053
29.512999340333046
29.9554993304424
30.64949931493029
30.417499320115894
30.61199931576848
30.29799932278693
29.541999339684843
31.129999304190278
30.640499315131457
30.93749930849299
29.502999340556563
31.01149930683896
30.533999317511917
30.568999316729606
30.8029993114993
31.050499305967243
30.934999308548868
30.033499328698962
30.098999327234925
30.9314993086271
30.76549931233749
31.072499305475503
30.874999309889972
29.674999336712062
30.58899931628257
30.937999308481814
30.68949931403622
31.124999304302037
31.199999302625656
30.877499309834093
